tour50.csv
Time: 2024-12-30 22:32:56
Elapsed time for solving TSP: 28.84 seconds
Best individual cycle length: 26291
Final mean fitness: 26291.09
Average time between iterations: 0.30
Best cycle: [14  1 43 30  9 48  6 22 49 20 29 37 32  0 26 21 40 34 33 44 39 25 12 23
 28 27 36 17 31  2 45 24 18  5  8 46 35 16  4 15 47 42 11  3 19 38 10 13
  7 41]
====================================================
tour50.csv
Time: 2024-12-30 22:34:05
Elapsed time for solving TSP: 23.78 seconds
Best individual cycle length: 28504
Final mean fitness: 28503.64
Average time between iterations: 0.300837 seconds
Best cycle: [31  2 45 24 18 20 48  9 30 43  1 14 41  4 16 15 47 42 11  3 19 38 10 13
  7 46 35  8  5  6 49 22 29 37 32  0 26 21 40 34 33 44 12 27 25 23 28 36
 17 39]
====================================================
tour50.csv
Time: 2024-12-30 22:34:29
Elapsed time for solving TSP: 18.84 seconds
Best individual cycle length: 26762
Final mean fitness: 26762.08
Average time between iterations: 0.285368 seconds
Best cycle: [24  1 18  9 48  6 43 30  5  8 46 35 16  4 15 47 42 11  3 19 38 10 13  7
 41 14 20 49 22 29 37 17 40 34 21 32  0 26 33 36 23 28 27 12 25 44 39 31
  2 45]
====================================================
tour100.csv
Time: 2024-12-30 23:47:17
Elapsed time for solving TSP: 62.97 seconds
Best individual cycle length: 81943
Final mean fitness: 81942.83
Average time between iterations: 0.326086 seconds
Best cycle: [53 58 76 27 74 46 97 82 65 95 19 73 78 40 85 68 57 17 83 50 33 59 32 29
 14 89 43 72 87 51 56  6 44  9 15 99  8  3  7 84 96  5 98 34 37 38 63 91
 49 92 30 71  1 70 42 41 75  4 21  0 52 23 22 10 48 45 18 80 94 55 31 69
 81 90 62 36 77 86 60 28 66 35 12 20 61 67 11 64 24 88 93 39 13 26  2 79
 25 54 47 16]
====================================================
tour500.csv
Time: 2024-12-31 00:09:13
Elapsed time for solving TSP: 301.13 seconds
Best individual cycle length: 158763
Final mean fitness: 158762.63
Average time between iterations: 1.682044 seconds
Best cycle: [ 71 246 138 476  78 174  77  46 399  73 101 430 116 134 294 203 325 217
  30 164  67 361 135 464 145 373  61 462 383 154 129  63 188  44 252 150
 225  68 202 200 335   2  50 378 466 444 483 324 417 320 269 413 239 408
 312 403 104  37 463 436  92 442 108 452 232 169 390  94 414 328 460 322
 301 166 479 363 247 423 113 144 128  82 352 235 228  95 214 333 356 241
 323 494 457 456 331 287 371 251 497  38  48 270 288 291 236  96 314 233
  19 389 258 454   8 465 305  75 337 179 411  84 441 405 273 280 445 194
 396 127 205 172  14 309 395  24 218 201 250  32 212 151 153 284 375 339
 243   6 186 170  13  34 402 303 121 244 245 321 365 468 306 448 286 271
 261 387 490 223 433 147 486 473  79 391 469 394 123   1  29 119 495 330
 350 440 496 183 438  53 220 428 171 227  47  90 425  86 133 229  43 366
 316 224 196  74 146 332 493 401  65 311 226 142 313 338 341 281  10 276
 404 400  76 349 102 193 342  42  25 156 385 161  20 453 410 326 478 372
 190 498 117  88 298  35 255 434 139 180 439  22  60 421 178 397 315 275
 418 265 189 480 302 209 210 451 122 377 343 388 487 107  33 115 260  16
 168 177 140 482 382 346  64  27 216  80 109 431 289   7 347 175  56 499
  58 112 406 295 285 398  98 381 184 157 141  57 191 267 279 416 181 386
  85 208 110 327 471 412 159 446 345 204 368 435 105  72 257 266 297 163
 415 173 187 426 379 357 118 240 131 125  26  18 355 340  99 374 470 155
  39 481 114 364 461 195 111 424 488  70 455  81   4 319 329 219  51  59
 474  45 211 274 160 176 307 192 283 182  91  87 167 152 199 358 437 290
  54  89  41 376  52 221 254   3 367 259 354 213 124 238 162 277 317 491
 230 231 126 262 304  49 348  66 296 407 380 318 137 132 106 449  93 242
 272 264 360 249 237 432 136 489 293 292 206 393 143 253   5 282  40 419
  12 344  97 198 278 300 362 268 492 485  36 467 429 353 158   9 475 359
 299 472 256 459 477 165 420 100 427  21  17 207 334 336 149 248  15  55
 185 197  28  62 422 384 370 351 130  31 458 263 308 234 369  69 222 484
 443  23 409 103 447  83   0 148 215 392 120 310 450  11]
====================================================
tour1000.csv
Time: 2024-12-31 09:46:11
Elapsed time for solving TSP: 301.44 seconds
Best individual cycle length: 205721
Final mean fitness: 205721.05
Average time between iterations: 3.465974 seconds
Best cycle: [258 606 612   4 449 547 636 102 435 906 902  68 879 320 481 289 253 667
 722 208 746 663 792 374 808 532 127 656 303 887 850 718 404  98 923 323
 380 712 649 589 364 720 125 744 643 628 463 128 193  82 779 520 839 973
 540 187 842  52  45  57  27 959 878 183 525 171 897 133 820 873 670 251
 546 467 924 442  94 578 898 103 978 911 824 500 951 620 741 131 389  62
 225  87 212 730 856 777 146 192 575 440 179 668  49 629 817 557 766 816
 985 335 688  41 962 866 489 178 704 625 333 464 830 409 708 645 515 230
 764 534 308 846 868 919 763 388 202 796 122 229 280 164   9 301 267 344
  22 566 394 216  88  30 838 608 403 935 438   2 309 104 395 580 283 200
 791 583 577  59  29 429 729 732 400 979 863 100 609 692 111 140 485 726
 518 484 963 468 567 553 914 531 220 983 492  21 542 957 248 393 227 424
 250 893 431 184 992 478 755 198 795  43 166 263 441 307 765 265  23 235
 318 698 286 655 548 174 815 415 135 855 315 733 554 710 443 362  15 599
 701 356  95 630 658 297 358 359 206  83 201 876 724 671 469 727 847 261
  12 574 689 886 823 818 411 638 378   5 490 869 269 998 597 565 456 705
 387 646  64 124 379 781 693 151 736 594 143 473 989 276 242 480 245 228
 596 259 221 770 126 561 163 798 287 949 382 928 317 197 803 205  28 862
 993 109 249 375 859 503 504 417 927 458 621 110 642 913 865 116 912 293
 488 607 497 346 223 714 339 659 771 721  97 618 236 402 858 870 759 279
 965 569 940 637 832 934 342  89 586 129 772 444 268 210 801 194 447  11
 891 219 247  77 544 266 834 571 916 958  86 686 336  72 376 558 530 751
 682 450 271 903 514 851  78  74 454 106 180 926  93 555 969 573 789 213
 405 660 516 731 715 160 929 641 570 121 352 794 605 624 647 757 277  24
 536 616 535 930 295 119 672 101 222 707 343 304 593 414 941 453 576 340
 244 588 793 996 931 288 427 285 613 997  65 436 511 325 386 373 496 601
 513 398 420 591 835 169 837 538 334 294 455  33 825 152 603 506 981 915
 460 827 332 153 185 243 338 890  76 170  99 522 399 482 673 874 117 925
 703  61 994 582 451 428 214 966 260  36 142 783  58  55 363 568 917 600
 907 310 326  84 459 617 619 161 627 587 871 654 328 401  16 233 408 369
 845 422 872 892 788 354 867  69 195 112 299 262 165 828 805 238 762 778
 787 790 182 967 491 875 372 700 412 528 353 524 849 556 472 108 246 666
 945 678 735 471 885 224 396 495  50  96 635  48 147 510 501 961 784 529
 937 418 948 687 750 493 734 470 947 494 920 141 995 976 508 306 348 685
 675 150 664 611 324 623 367 426 806 215 840   8 136 756 157 723 550 972
 695 541 156 956 278 231 477 622 908  80 173 273 351 264 291 694 811 782
 439 761 814 130 880 321 944 360 681  19  63 368 148 560  47 604 327 904
 176 345 812  40 466  53 918 819 861 909 483 432 684 615 699 881 190 852
 585 853 709 844 831 537 314 204 651 974 987 159 239 313 177 595 132 776
 366 696 365 234  66 632  60 545   7 254 507 634 145 889 423 509 932 218
 639 773 272 476 713 479 475 725 683 780 252 519 526 807 674 552 758 462
 943  34 786 523 381 614  46 896 768 188 900  38 841 644 474 857 347 753
 137 521  90 539 120  17  31 988 955 517 445 804 391 257 115 296 113 882
  25 123 498 139 181 397 437 743 349 984 316 933   0 877  81 416 430 754
 499  35 457 371 894 329 986 207 419 105 241 255 936 337 719 964 922  75
 584 799 217 775 581 167 738 486 162 650 631  14 512 281  73 953 413 991
 203 899 864 392 502 211 341 134 406 677 990 602 292 421 690 970 968 711
 739  44  51  32 434 745 149 797 901 384 640 669 563 960 728 826 921 168
 822 275 144 980 527 154 833 680 298 946 302 410 760  26  92  70 290  79
 319 774 742 256 888 433  13 610 854 186 884 977 274 749  67 785 706  91
 802 697 446 312 383 665 562 800 232 282 189 549 370 676 311 950 910 551
 240 590 716  20 425 691 330 810 448 355 533 999 155 452  18 196  42  85
 487 843 653 572 579 305 543 331 390 679 748 377  54 982 138 769 652 564
 598 860   3 747 118 938 740  71  37 752 821 385 829 813 226  56 361 717
 592 191  39 322 702 939 175 971 461 657  10 407 559 633 737 626 662 357
 952 648 975 237 284   1 300 954 158 505 350   6 905 465 848 942 270 107
 836 199 209 172 661 114 809 883 895 767]
====================================================
tour1000.csv
Time: 2024-12-31 09:52:15
Elapsed time for solving TSP: 300.44 seconds
Best individual cycle length: 208114
Final mean fitness: 208113.98
Average time between iterations: 3.415046 seconds
Best cycle: [369 845 422 872 892 788 354 185 243 153 332 238  69 195 112 531 567 553
 140 485 726 518 484 963 468 957 542 983 220 248 393 227 424 250 893 431
 184 992 478 755 198 795  43 166 263 441 307 765 265  23 235 318 698 286
 655 548 174 815 415 135 855 315 733 554 710 443 362  15 599 701 356  95
 630 658 297 358 359 206  83 201 876 724 671 469 727 847 261  12 574 689
 886 823 818 411 638 378   5 490 869 269 998 597 565 456 705 387 646  64
 124 379 781 693 151 736 594 143 473 989 276 242 480 245 228 596 259 221
 770 126 561 163 798 287 949 382 928 317 197 803 205  28 862 993 109 249
 375 859 503 504 417 927 458 621 110 642 913 865 116 912 293 488 607 497
 346 223 714 339 659 771 721  97 618 492  21 828 805 914 165 262 863 100
 609 429 729 732 400 979 692 111 702 791 583 577  59  29  56 361 717 592
 200  39 322 580 283 510 501 961 824 911 978 103 734 470 947 494 898  94
 578 442   9 500 945  22 838 608 839 403 208 353 790 787 778 867 890  76
 170  99 522 399 482 673 874 117 925 703  61 994 582 451 428 214 966 260
  36 142 783  58  55 363 568 917 600 907 310 326  84 459 617 619 161 627
 587 871 654 328 401  16 233 408 182 967 491 875 372 700 455  33 825 152
 603 506 981 915 460 827 338 412 528 294 941 414 453 576 340 222 101 707
 343 304 593 244 588 793 996 931 288 427 285 613 997  65 436 511 325 386
 373 342  89 832 934 858 870 759 279 965 569 940 637 444 772 129 801 210
 194 268 447  11 891 219 247  77 544 266 834 571 916 958  86 686 336  72
 376 558 530 751 682 450 271 903 514 851  78  74 454 106 180 926  93 555
 969 573 789 213 405 660 516 731 715 160 929 641 570 121 352 794 605 624
 647 757 277  24 536 616 535 930 295 119 672 169 496 601 513 398 420 591
 835 402 236 334 821 653 572 579 487 843 196  42  85 800 232 282 189 549
 370 676 311 562 950 910 551 240 590 716  20 425 691 330 810 448 355 533
 999 155 452  18 748 377  54 982 138 769 652 331 390 543 305 665 383 312
  91 706 785 749 274 977 802 884 298 946 833 680 302 527 154 275 144 980
 901 797 384 149 822 168 921 826 640 669 563  32 434 745 697 446  67  71
 938 186  13 433  70  92 760  26 410 740 854 610 888 747 290  79 319 774
 742 256 960 728  44  51 968 711 739 970  37 118   3 679 226 813 564 598
 860 829 385 524 762 299 191 942 270 107 175 971 461 657  10 407 559 633
 737 626 662 357 952 648 975 237 284   1 300 954 158 505 350   6 905 465
 848 172 199 836 209 661 371 894 754 430 499  35 416 877  81 984 316 933
   0 419 105 241 397 437 743 349 753 137 474  38 188 900 644  31 988 857
 347 113 882 296 115  25 123 498 114 139 539 120  17  90 955 517 445 674
 807 526 252 519 780  34 479 475 725 683 476 713 272 773 786 523 381 423
 509 889 313 177 239 159 987 974 132 595 614  46 896 776 366 696 365 234
  66 632  60 545   7 254 507 634 145 537 831 738 844 162 486 650 852 881
 190 631 684 615 699 281  73 953 806 426 136   8 840 215 432 512 351 273
 173 908 622 991 477  80 695 756 157 550 664 611 324 623 367 723 972 956
 278 231 156 150 541 819 439 761 814 130 811 694 782 291  75 922 337 719
 964 936 584 799 217 775 581 709 853 585 314 204 651 167  14 639 218 932
 768 462 758 552 943 841 521 391 804 203 264 413  63  19 368 861 909 483
 880 899 864 392 502 211 341 134 406 677 990 602 292 421 690 181 255 986
 329 207 457 257 939 837 586 752 538 924 467 301 575 440 192 146 267 179
 668  49 629 817 557 766 816 985 335 688  41 962 866 489 178 730 856 212
 777  87 225 741 951 620 389 131  62 345 904 176 604  47 327 148 560 812
 681 360 944 321 348 685 675 306 508 976 141 995  40 920 918 466  53 750
 687 937 529 418 948 493 784 735 471 885 224 396 495  50  96 635  48 147
 395 104 309   2 438 935 540 187 842  52  45  57  27 959 878 183 525 171
 897 133 820 873 670 251 546 164 122 229 796 280 344 202 763 645 515 708
 868 919 846 409 764 534 230 308 388 625 704 333 464 830 246 849 556 472
 108 216 394 666 566 678  88  30 973 663 792 374 808 532 127 656 303 887
 850 718 404  98 923 323 380 712 649 589 364 720 125 744 643 628 463 128
 193  82 779 520 746 289 253 879 320 481 722 667 906 636 102 435 547 449
 606 258   4 612 767  68 902 883 895 809]
====================================================
tour1000.csv
Time: 2024-12-31 10:00:21
Elapsed time for solving TSP: 303.67 seconds
Best individual cycle length: 209955
Final mean fitness: 209954.66
Average time between iterations: 3.532127 seconds
Best cycle: [574 689 886 823 818 411 638 378   5 490 869 269 998 597 565 456 705 387
 646  64 124 379 781 693 151 736 594 143 473 989 276 242 480 245 228 596
 259 221 770 126 561 163 798 287 949 382 928 317 197 803 205  28 862 993
 109 249 375 859 503 504 417 927 458 621 110 642 913 865 116 912 293 488
 607 497 346 223 714 339 659 518 484 963 485 726 140 553 567 914 531 979
 863 100 609 429 729 732 400 380 712 649 589 364 404 887 850 718 303 656
 532 127 808 792 374 125 744 643 628 463 128 193  82 779 520 663 403 973
 540 187 842  52  45  57  27 959 878 183 525 171 897 133 820 873 670 251
 546 467 924 442  94 578 898 103 978 911 824 500 951 620 741 131 389  62
 225  87 212 730 856 777 146 192 575 440 179 668  49 629 817 557 766 816
 985 335 688  41 962 866 489 178 704 625 333 464 830 409 708 645 515 230
 764 534 308 846 868 919 763 388 202 796 122 229 280 164   9 301 267 344
  22 566 394 216  88  30 838 608 481 879 320 289 253 667 722 449 606 258
   4 612 767  68 902 906 636 102 435 547 524 787 790 845 422 872 892 788
 354 185 243 153 332 238  69 195 112 299 262 165 957 542 983 220 248 393
 227 424 250 893 431 184 992 478 755 198 795  43 166 263 441 307 765 265
  23 235 931 996 288 427 285 613 997  97 771 721 832 934 342  89 586 129
 772 444 268 210 801 194 447  11 891 219 247  77 544 266 834 571 916 958
  86 686 336  72 376 558 530 751 682 450 271 903 514 851  78  74 454 106
 180 926  93 555 969 573 789 213 405 660 516 731 715 160 929 641 570 121
 352 794 605 624 647 757 277  24 536 616 535 930 295 119 672 101 222 707
 343 304 593 414 941 453 576 340 244 588 793 334 294 455  33 825 152 603
 506 981 915 460 827 338 890  76 170  99 522 399 482 673 874 117 925 703
  61 994 582 451 428 214 966 260  36 142 783  58  55 363 568 917 600 907
 310 326  84 459 617 619 161 627 587 871 654 328 401  16 233 408 369 182
 967 491 875 372 700 412 528 492  21 828 805 468 618 236 402 858 870 759
 279 965 569 940 637 436 511 325 386  65 373 496 601 513 398 420 591 835
 169 837 538 769 982 138  54 377 748 999 155 355 448 810 425 549 189 543
 311 676 240 590 716  20 691 330 679 888 433  13 290  79 319 774  70  92
 760  26 410 302 680 298 946 833 275 144 980 901 797 384 149 822 168 921
 826 640 669 563  32 434 745 154 527 884 977 274 749  67 785 706  91 802
 697 446 312 383 665 562 800 232 282 196  42  85 487 843 653 572 579 950
 910 551  71 938 186 610 854 256 742  37 960 728  44  51 968 711 739 970
 305 752 821 598 860  18 452 331 390 533 118   3 747 226 813 652 564 829
 883 895 809 353 778 208 746 839 438 935 309 104 395 580 283   2 510 501
 961  50 495 396 784 735 471 885 224 493 948 529 937 418 687 750 494 920
 141 995 976 508 306 348 685 675 150 664 611 324 623 367 426 806 215 840
   8 136 756 695 972 550 723 157 541 156 956 278 231 477 622 908  80 173
 273 351 264 291 694 811 782 439 761 814 130 880 321 944 360 681  19  63
 368 148 560  47 604 327 904 176 345 812  40 466  53 918 947 734 470 678
 666 945 322  39 592 577 791 583 717  59  29 702 923 323 200  98 720 191
  48 147  96 635 939  56 361 692 111 385 867 370 740 849 556 472 108 246
 483 909 861 991 936 337 719 964 922  75 584 799 217 775 581 709 853 844
 831 537 314 204 651 974 987 159 239 313 177 595 132 776 366 696 365 234
  66 632  60 545   7 254 507 634 145 889 423 509 932 218 639 773 272 476
 713 479 475 725 683 780 252 519 526 807 674 552 758 462 943  34 786 523
 381 614  46 896 768 188 900  38 841 644 474 857 347 753 137 521  90 539
 120  17  31 988 955 517 445 804 391 257 115 296 113 882  25 123 498 139
 181 397 437 743 349 984 316 933   0 877  81 416 430 754 499  35 457 371
 894 329 986 207 419 105 241 255 852 881 190 631 684 615 699 281  73 953
 512 432  14 585 486 738 167 162 650 899 864 392 502 211 341 134 406 677
 990 602 292 421 690 203 819 413 762 942 270 107 175 971 461 657  10 407
 559 633 737 626 662 357 952 648 975 237 284   1 300 954 158 505 350   6
 905 465 848 172 199 836 209 661 114 318 698 286 655 548 174 815 415 135
 855 315 733 554 710 443 362  15 599 701 356  95 630 658 297 358 359 206
  83 201 876 724 671 469 727 847 261  12]
====================================================
tour1000.csv
Time: 2024-12-31 10:10:22
Elapsed time for solving TSP: 300.28 seconds
Best individual cycle length: 206108
Final mean fitness: 206108.46
Average time between iterations: 3.413344 seconds
Best cycle: [404 887 850 718 303 656 532 127 808 792 374 125 744 643 628 463 128 193
  82 779 520 663 403 973 540 187 842  52  45  57  27 959 878 183 525 171
 897 133 820 873 670 251 546 467 924 442  94 578 898 103 978 911 824 500
 951 620 741 131 389  62 225  87 212 730 856 777 146 192 575 440 179 668
  49 629 817 557 766 816 985 335 688  41 962 866 489 178 704 625 333 464
 830 409 708 645 515 230 764 534 308 846 868 919 763 388 202 796 122 229
 280 164   9 301 267 344  22 566 394 216  88  30 838 608 481 879 320 289
 253 667 722 449 606 258   4 612 767  68 902 906 636 102 435 547 524 787
 790 845 422 872 892 788 354 185 243 153 332 238  69 195 112 531 220 983
 492  21 542 957 248 393 227 424 250 893 431 184 992 478 755 198 795  43
 166 263 441 307 765 265  23 235 318 698 286 655 548 174 815 415 135 855
 315 733 554 710 443 362  15 599 701 356  95 630 658 297 358 359 206  83
 201 876 724 671 469 727 847 261  12 574 689 886 823 818 411 638 378   5
 490 869 269 998 597 565 456 705 387 646  64 124 379 781 693 151 736 594
 143 473 989 276 242 480 245 228 596 259 221 770 126 561 163 798 287 949
 382 928 317 197 803 205  28 862 993 109 249 375 859 503 504 417 927 458
 621 110 642 913 865 116 912 293 488 607 497 346  97 771 721 832 934 342
  89 586 129 772 444 268 210 801 194 447  11 891 219 247  77 544 266 834
 571 916 958  86 686 336  72 376 558 530 751 682 450 271 903 514 851  78
  74 454 106 180 926  93 555 969 573 789 213 405 660 516 731 715 160 929
 641 570 121 352 794 605 624 647 757 277  24 536 616 535 930 295 119 672
 101 222 707 343 304 593 414 941 453 576 340 244 588 793 996 931 288 427
 285 613 997 618 236 402 858 870 759 279 965 940 569 637 436 511 325 386
  65 373 496 601 513 398 420 591 835 169 837 538 334 294 455  33 825 152
 603 506 981 915 460 827 338 890  76 170  99 522 399 482 673 874 117 925
 703  61 994 582 451 428 214 966 260  36 142 783  58  55 363 568 917 600
 907 310 326  84 459 617 619 161 627 587 871 654 328 401  16 233 408 369
 182 967 491 875 372 700 412 528 914 165 262 923 323 702 791 583 577  59
  29  56 361 717 592 200  39 322  98 720 935 438   2 309 104 395 580 283
 510 501 961  50 495 396 784 735 471 885 224 493 948 529 937 418 687 750
 494 920 141 995 976 508 306 348 685 675 150 664 611 324 623 367 426 806
 215 840   8 136 756 695 972 550 723 157 541 156 956 278 231 477 622 908
  80 173 273 351 264 291 694 811 782 439 761 814 130 880 321 944 360 681
  19  63 368 148 560  47 604 327 904 176 345 812  40 466  53 918 947 734
 470 678 666 945 839 746 208 353 778 895 809 883 867 385 821 653 572 579
 487 843 196  42  85 800 232 282 189 549 370 676 311 562 950 910 551 240
 590 716  20 425 691 330 810 448 355 533 999 155 452  18 748 377  54 982
 138 769 652 331 390 543 305 665 383 312  91 706 785 749 274 977 802 884
 298 946 833 680 302 527 154 275 144 980 901 797 384 149 822 168 921 826
 640 669 563  32 434 745 697 446  67  71 938 186  13 433  70  92 760  26
 410 740 854 610 888 747 290  79 319 774 742 256 960 728  44  51 968 711
 739 970  37 118   3 679 226 813 564 598 860 829 752 472 849 556 108 246
 483 909 861 991 936 337 719 964 922  75 584 799 217 775 581 709 853 844
 831 537 314 204 651 974 987 159 239 313 177 595 132 776 366 696 365 234
  66 632  60 545   7 254 507 634 145 889 423 509 932 218 639 773 272 476
 713 479 475 725 683 780 252 519 526 807 674 552 758 462 943  34 786 523
 381 614  46 896 768 188 900  38 841 644 474 857 347 753 137 521  90 539
 120  17  31 988 955 517 445 804 391 257 115 296 113 882  25 123 498 139
 181 397 437 743 349 984 316 933   0 877  81 416 430 754 499  35 457 371
 894 329 986 207 419 105 241 255 852 881 190 631 684 615 699 281  73 953
 512 432  14 585 486 738 167 162 650 899 864 392 502 211 341 134 406 677
 990 602 292 421 690 203 819 413  48 147  96 635 191 299 762 805 828 939
 692 942 270 107 175 971 461 657  10 407 559 633 737 626 662 357 952 648
 975 237 284   1 300 954 158 505 350   6 905 465 848 172 199 836 209 661
 114 659 223 714 339 963 518 484 468 567 553 140 485 726 111 979 863 100
 609 429 729 732 400 380 712 649 589 364]
====================================================
tour1000.csv
Time: 2024-12-31 10:20:28
Elapsed time for solving TSP: 300.75 seconds
Best individual cycle length: 212183
Final mean fitness: 212182.57
Average time between iterations: 3.234986 seconds
====================================================
tour1000.csv
Time: 2024-12-31 10:25:30
Elapsed time for solving TSP: 301.98 seconds
Best individual cycle length: 211833
Final mean fitness: 211833.31
Average time between iterations: 3.248010 seconds
====================================================
tour1000.csv
Time: 2024-12-31 10:30:34
Elapsed time for solving TSP: 303.01 seconds
Best individual cycle length: 205029
Final mean fitness: 205029.15
Average time between iterations: 3.294651 seconds
====================================================
tour1000.csv
Time: 2024-12-31 10:35:34
Elapsed time for solving TSP: 300.31 seconds
Best individual cycle length: 209455
Final mean fitness: 209668.67
Average time between iterations: 3.230186 seconds
====================================================
tour1000.csv
Time: 2024-12-31 10:40:37
Elapsed time for solving TSP: 302.03 seconds
Best individual cycle length: 216606
Final mean fitness: 216606.41
Average time between iterations: 3.214069 seconds
====================================================
tour1000.csv
Time: 2024-12-31 10:51:18
Elapsed time for solving TSP: 301.17 seconds
Best individual cycle length: 211343
Final mean fitness: 211342.95
Average time between iterations: 3.462874 seconds
====================================================
tour1000.csv
Time: 2024-12-31 10:56:18
Elapsed time for solving TSP: 300.26 seconds
Best individual cycle length: 203044
Final mean fitness: 203044.20
Average time between iterations: 3.413173 seconds
====================================================
tour1000.csv
Time: 2024-12-31 11:01:19
Elapsed time for solving TSP: 300.77 seconds
Best individual cycle length: 206677
Final mean fitness: 206676.86
Average time between iterations: 3.458164 seconds
====================================================
tour1000.csv
Time: 2024-12-31 11:06:20
Elapsed time for solving TSP: 300.00 seconds
Best individual cycle length: 215096
Final mean fitness: 215096.18
Average time between iterations: 3.530517 seconds
====================================================
tour1000.csv
Time: 2024-12-31 11:11:22
Elapsed time for solving TSP: 301.99 seconds
Best individual cycle length: 204212
Final mean fitness: 204211.85
Average time between iterations: 3.553996 seconds
====================================================
